
0
-10
-20
-30
-40
-50
-60
-70
-80
-90
-100
-110
-120
-130
-140
-150
-160
-170
-180
-190
-200
-210
-220
-230
-240
-250
-260
-270
-280
-290
-300
-310
-320
-330
-340
-350
-360
-370
-380
-390
-400
-410
-420
-430
-440
-450
-460
-470
-480
-490
-500
-510
-520
-530
-540
-550
-560
-570
-580
-590
-600
-610
-620
-630
-640
-650
-660
-670
-680
-690
-700
-710
-720
-730
-740
-750
-760
-770
-780
-790
-800
-810
-820
-830
-840
-850
-860
-870
-880
-890
-900
-910
-920
-930
-940
-950
-960
-970
-980
-990
-1000
-1010
-1020
-1030
-1040
-1050
-1060
-1070
-1080
-1090
-1100
-1110
-1120
-1130
-1140
-1150
-1160
-1170
-1180
-1190
-1200
-1210
-1220
-1230
-1240
-1250
-1260
-1270
-1280

-10
0
-10
-20
-30
-40
-50
-60
-70
-80
-90
-100
-110
-120
-130
-140
-150
-20
-10
-3
-13
-23
-33
-41
-46
-56
-66
-76
-86
-96
-106
-116
-126
0
0
0
0
0
0
0
0
0
0
0
0
0
0
0
0
0
0
0
0
0
0
0
0
0
0
0
0
0
0
0
0
0
0
0
0
0
0
0
0
0
0
0
0
0
0
0
0
0
0
0
0
0
0
0
0
0
0
0
0
0
0
0
0
0
0
0
0
0
0
0
0
0
0
0
0
0
0
0
0
0
0
0
0
0
0
0
0
0
0
0
0
0
0
0
0

-20
-10
-3
-13
-23
-33
-41
-46
-56
-66
-76
-86
-96
-106
-116
-126
-136
-30
-20
-13
-6
-16
-26
-36
-37
-47
-57
-67
-77
-87
-94
-102
-112
0
0
0
0
0
0
0
0
0
0
0
0
0
0
0
0
0
0
0
0
0
0
0
0
0
0
0
0
0
0
0
0
0
0
0
0
0
0
0
0
0
0
0
0
0
0
0
0
0
0
0
0
0
0
0
0
0
0
0
0
0
0
0
0
0
0
0
0
0
0
0
0
0
0
0
0
0
0
0
0
0
0
0
0
0
0
0
0
0
0
0
0
0
0
0
0

-30
-20
-13
-6
-16
-26
-36
-37
-47
-57
-67
-77
-87
-94
-102
-112
-122
-40
-30
-20
-13
-5
-15
-25
-35
-37
-47
-57
-67
-77
-87
-97
-102
0
0
0
0
0
0
0
0
0
0
0
0
0
0
0
0
0
0
0
0
0
0
0
0
0
0
0
0
0
0
0
0
0
0
0
0
0
0
0
0
0
0
0
0
0
0
0
0
0
0
0
0
0
0
0
0
0
0
0
0
0
0
0
0
0
0
0
0
0
0
0
0
0
0
0
0
0
0
0
0
0
0
0
0
0
0
0
0
0
0
0
0
0
0
0
0

-40
-30
-20
-13
-5
-15
-25
-35
-37
-47
-57
-67
-77
-87
-97
-102
-112
-50
-40
-25
-15
-13
0
-10
-20
-30
-32
-42
-52
-62
-72
-82
-92
0
0
0
0
0
0
0
0
0
0
0
0
0
0
0
0
0
0
0
0
0
0
0
0
0
0
0
0
0
0
0
0
0
0
0
0
0
0
0
0
0
0
0
0
0
0
0
0
0
0
0
0
0
0
0
0
0
0
0
0
0
0
0
0
0
0
0
0
0
0
0
0
0
0
0
0
0
0
0
0
0
0
0
0
0
0
0
0
0
0
0
0
0
0
0
0

-50
-40
-25
-15
-13
0
-10
-20
-30
-32
-42
-52
-62
-72
-82
-92
-102
-60
-50
-35
-25
-18
-10
9
-1
-11
-21
-31
-41
-51
-61
-71
-81
0
0
0
0
0
0
0
0
0
0
0
0
0
0
0
0
0
0
0
0
0
0
0
0
0
0
0
0
0
0
0
0
0
0
0
0
0
0
0
0
0
0
0
0
0
0
0
0
0
0
0
0
0
0
0
0
0
0
0
0
0
0
0
0
0
0
0
0
0
0
0
0
0
0
0
0
0
0
0
0
0
0
0
0
0
0
0
0
0
0
0
0
0
0
0
0

-60
-50
-35
-25
-18
-10
9
-1
-11
-21
-31
-41
-51
-61
-71
-81
-91
-70
-60
-45
-35
-27
-20
-1
5
-3
-13
-23
-33
-43
-53
-63
-73
0
0
0
0
0
0
0
0
0
0
0
0
0
0
0
0
0
0
0
0
0
0
0
0
0
0
0
0
0
0
0
0
0
0
0
0
0
0
0
0
0
0
0
0
0
0
0
0
0
0
0
0
0
0
0
0
0
0
0
0
0
0
0
0
0
0
0
0
0
0
0
0
0
0
0
0
0
0
0
0
0
0
0
0
0
0
0
0
0
0
0
0
0
0
0
0

-70
-60
-45
-35
-27
-20
-1
5
-3
-13
-23
-33
-43
-53
-63
-73
-83
-80
-70
-55
-45
-27
-27
-11
-4
5
-3
-13
-23
-33
-43
-53
-63
0
0
0
0
0
0
0
0
0
0
0
0
0
0
0
0
0
0
0
0
0
0
0
0
0
0
0
0
0
0
0
0
0
0
0
0
0
0
0
0
0
0
0
0
0
0
0
0
0
0
0
0
0
0
0
0
0
0
0
0
0
0
0
0
0
0
0
0
0
0
0
0
0
0
0
0
0
0
0
0
0
0
0
0
0
0
0
0
0
0
0
0
0
0
0
0

-80
-70
-55
-45
-27
-27
-11
-4
5
-3
-13
-23
-33
-43
-53
-63
-73
-90
-75
-65
-55
-37
-27
-21
-13
-4
5
-2
-8
-18
-28
-38
-48
0
0
0
0
0
0
0
0
0
0
0
0
0
0
0
0
0
0
0
0
0
0
0
0
0
0
0
0
0
0
0
0
0
0
0
0
0
0
0
0
0
0
0
0
0
0
0
0
0
0
0
0
0
0
0
0
0
0
0
0
0
0
0
0
0
0
0
0
0
0
0
0
0
0
0
0
0
0
0
0
0
0
0
0
0
0
0
0
0
0
0
0
0
0
0
0

-90
-75
-65
-55
-37
-27
-21
-13
-4
5
-2
-8
-18
-28
-38
-48
-58
-100
-85
-75
-65
-47
-37
-18
-22
-14
-5
2
-5
-12
-22
-29
-39
0
0
0
0
0
0
0
0
0
0
0
0
0
0
0
0
0
0
0
0
0
0
0
0
0
0
0
0
0
0
0
0
0
0
0
0
0
0
0
0
0
0
0
0
0
0
0
0
0
0
0
0
0
0
0
0
0
0
0
0
0
0
0
0
0
0
0
0
0
0
0
0
0
0
0
0
0
0
0
0
0
0
0
0
0
0
0
0
0
0
0
0
0
0
0
0

-100
-85
-75
-65
-47
-37
-18
-22
-14
-5
2
-5
-12
-22
-29
-39
-49
-110
-95
-80
-70
-57
-42
-28
-21
-17
-9
-3
2
0
-10
-20
-27
0
0
0
0
0
0
0
0
0
0
0
0
0
0
0
0
0
0
0
0
0
0
0
0
0
0
0
0
0
0
0
0
0
0
0
0
0
0
0
0
0
0
0
0
0
0
0
0
0
0
0
0
0
0
0
0
0
0
0
0
0
0
0
0
0
0
0
0
0
0
0
0
0
0
0
0
0
0
0
0
0
0
0
0
0
0
0
0
0
0
0
0
0
0
0
0

-110
-95
-80
-70
-57
-42
-28
-21
-17
-9
-3
2
0
-10
-20
-27
-37
-120
-105
-90
-80
-67
-52
-38
-31
-21
-17
-9
-3
2
-3
-13
-23
0
0
0
0
0
0
0
0
0
0
0
0
0
0
0
0
0
0
0
0
0
0
0
0
0
0
0
0
0
0
0
0
0
0
0
0
0
0
0
0
0
0
0
0
0
0
0
0
0
0
0
0
0
0
0
0
0
0
0
0
0
0
0
0
0
0
0
0
0
0
0
0
0
0
0
0
0
0
0
0
0
0
0
0
0
0
0
0
0
0
0
0
0
0
0
0

-120
-105
-90
-80
-67
-52
-38
-31
-21
-17
-9
-3
2
-3
-13
-23
-27
-130
-115
-100
-90
-77
-62
-48
-41
-31
-21
-17
-9
-3
-1
-6
-13
0
0
0
0
0
0
0
0
0
0
0
0
0
0
0
0
0
0
0
0
0
0
0
0
0
0
0
0
0
0
0
0
0
0
0
0
0
0
0
0
0
0
0
0
0
0
0
0
0
0
0
0
0
0
0
0
0
0
0
0
0
0
0
0
0
0
0
0
0
0
0
0
0
0
0
0
0
0
0
0
0
0
0
0
0
0
0
0
0
0
0
0
0
0
0
0

-130
-115
-100
-90
-77
-62
-48
-41
-31
-21
-17
-9
-3
-1
-6
-13
-23
-140
-125
-110
-100
-87
-72
-58
-51
-41
-31
-23
-19
-11
-7
-5
-8
0
0
0
0
0
0
0
0
0
0
0
0
0
0
0
0
0
0
0
0
0
0
0
0
0
0
0
0
0
0
0
0
0
0
0
0
0
0
0
0
0
0
0
0
0
0
0
0
0
0
0
0
0
0
0
0
0
0
0
0
0
0
0
0
0
0
0
0
0
0
0
0
0
0
0
0
0
0
0
0
0
0
0
0
0
0
0
0
0
0
0
0
0
0
0
0

-140
-125
-110
-100
-87
-72
-58
-51
-41
-31
-23
-19
-11
-7
-5
-8
-15
-150
-135
-120
-105
-97
-82
-68
-61
-46
-36
-29
-23
-14
-14
-10
-3
0
0
0
0
0
0
0
0
0
0
0
0
0
0
0
0
0
0
0
0
0
0
0
0
0
0
0
0
0
0
0
0
0
0
0
0
0
0
0
0
0
0
0
0
0
0
0
0
0
0
0
0
0
0
0
0
0
0
0
0
0
0
0
0
0
0
0
0
0
0
0
0
0
0
0
0
0
0
0
0
0
0
0
0
0
0
0
0
0
0
0
0
0
0
0
0

-150
-135
-120
-105
-97
-82
-68
-61
-46
-36
-29
-23
-14
-14
-10
-3
-8
-160
-145
-130
-115
-105
-92
-78
-70
-56
-46
-35
-24
-23
-17
-16
-9
0
0
0
0
0
0
0
0
0
0
0
0
0
0
0
0
0
0
0
0
0
0
0
0
0
0
0
0
0
0
0
0
0
0
0
0
0
0
0
0
0
0
0
0
0
0
0
0
0
0
0
0
0
0
0
0
0
0
0
0
0
0
0
0
0
0
0
0
0
0
0
0
0
0
0
0
0
0
0
0
0
0
0
0
0
0
0
0
0
0
0
0
0
0
0
0

-160
-145
-130
-115
-105
-92
-78
-70
-56
-46
-35
-24
-23
-17
-16
-9
2
-170
0
0
0
0
0
0
0
0
0
0
0
0
0
0
0
0
0
0
0
0
0
0
0
0
0
0
0
0
0
0
0
0
0
0
0
0
0
0
0
0
0
0
0
0
0
0
0
0
0
0
0
0
0
0
0
0
0
0
0
0
0
0
0
0
0
0
0
0
0
0
0
0
0
0
0
0
0
0
0
0
0
0
0
0
0
0
0
0
0
0
0
0
0
0
0
0
0
0
0
0
0
0
0
0
0
0
0
0
0
0
0

-170
-155
-140
-125
-115
-102
-88
-76
-66
-56
-45
-34
-27
-19
-15
-19
-8
-180
-165
-150
-135
-125
-112
-98
-86
-76
-66
-55
-44
-36
-29
-23
-17
0
0
0
0
0
0
0
0
0
0
0
0
0
0
0
0
0
0
0
0
0
0
0
0
0
0
0
0
0
0
0
0
0
0
0
0
0
0
0
0
0
0
0
0
0
0
0
0
0
0
0
0
0
0
0
0
0
0
0
0
0
0
0
0
0
0
0
0
0
0
0
0
0
0
0
0
0
0
0
0
0
0
0
0
0
0
0
0
0
0
0
0
0
0
0
0

-180
-165
-150
-135
-125
-112
-98
-86
-76
-66
-55
-44
-36
-29
-23
-17
-18
-190
-175
-160
-145
-135
-122
-108
-96
-86
-76
-65
-50
-44
-39
-31
-22
0
0
0
0
0
0
0
0
0
0
0
0
0
0
0
0
0
0
0
0
0
0
0
0
0
0
0
0
0
0
0
0
0
0
0
0
0
0
0
0
0
0
0
0
0
0
0
0
0
0
0
0
0
0
0
0
0
0
0
0
0
0
0
0
0
0
0
0
0
0
0
0
0
0
0
0
0
0
0
0
0
0
0
0
0
0
0
0
0
0
0
0
0
0
0
0

-190
-175
-160
-145
-135
-122
-108
-96
-86
-76
-65
-50
-44
-39
-31
-22
-12
-200
-185
-170
-155
-145
-132
-118
-106
-96
-86
-75
-60
-52
-48
-41
-32
0
0
0
0
0
0
0
0
0
0
0
0
0
0
0
0
0
0
0
0
0
0
0
0
0
0
0
0
0
0
0
0
0
0
0
0
0
0
0
0
0
0
0
0
0
0
0
0
0
0
0
0
0
0
0
0
0
0
0
0
0
0
0
0
0
0
0
0
0
0
0
0
0
0
0
0
0
0
0
0
0
0
0
0
0
0
0
0
0
0
0
0
0
0
0
0

-200
-185
-170
-155
-145
-132
-118
-106
-96
-86
-75
-60
-52
-48
-41
-32
-22
-210
-195
-180
-165
-155
-142
-128
-116
-106
-94
-81
-70
-58
-55
-50
-36
0
0
0
0
0
0
0
0
0
0
0
0
0
0
0
0
0
0
0
0
0
0
0
0
0
0
0
0
0
0
0
0
0
0
0
0
0
0
0
0
0
0
0
0
0
0
0
0
0
0
0
0
0
0
0
0
0
0
0
0
0
0
0
0
0
0
0
0
0
0
0
0
0
0
0
0
0
0
0
0
0
0
0
0
0
0
0
0
0
0
0
0
0
0
0
0

-210
-195
-180
-165
-155
-142
-128
-116
-106
-94
-81
-70
-58
-55
-50
-36
-31
-220
-205
-190
-175
-165
-152
-133
-126
-116
-104
-91
-80
-68
-59
-56
-46
0
0
0
0
0
0
0
0
0
0
0
0
0
0
0
0
0
0
0
0
0
0
0
0
0
0
0
0
0
0
0
0
0
0
0
0
0
0
0
0
0
0
0
0
0
0
0
0
0
0
0
0
0
0
0
0
0
0
0
0
0
0
0
0
0
0
0
0
0
0
0
0
0
0
0
0
0
0
0
0
0
0
0
0
0
0
0
0
0
0
0
0
0
0
0
0

-220
-205
-190
-175
-165
-152
-133
-126
-116
-104
-91
-80
-68
-59
-56
-46
-39
-230
-215
-200
-185
-175
-162
-143
-131
-126
-114
-101
-90
-78
-64
-57
-56
0
0
0
0
0
0
0
0
0
0
0
0
0
0
0
0
0
0
0
0
0
0
0
0
0
0
0
0
0
0
0
0
0
0
0
0
0
0
0
0
0
0
0
0
0
0
0
0
0
0
0
0
0
0
0
0
0
0
0
0
0
0
0
0
0
0
0
0
0
0
0
0
0
0
0
0
0
0
0
0
0
0
0
0
0
0
0
0
0
0
0
0
0
0
0
0

-230
-215
-200
-185
-175
-162
-143
-131
-126
-114
-101
-90
-78
-64
-57
-56
-49
-240
-225
-210
-195
-185
-172
-153
-141
-129
-124
-109
-100
-88
-74
-66
-52
0
0
0
0
0
0
0
0
0
0
0
0
0
0
0
0
0
0
0
0
0
0
0
0
0
0
0
0
0
0
0
0
0
0
0
0
0
0
0
0
0
0
0
0
0
0
0
0
0
0
0
0
0
0
0
0
0
0
0
0
0
0
0
0
0
0
0
0
0
0
0
0
0
0
0
0
0
0
0
0
0
0
0
0
0
0
0
0
0
0
0
0
0
0
0
0

-240
-225
-210
-195
-185
-172
-153
-141
-129
-124
-109
-100
-88
-74
-66
-52
-55
-250
-235
-220
-205
-195
-182
-163
-149
-139
-132
-119
-110
-98
-84
-70
-62
0
0
0
0
0
0
0
0
0
0
0
0
0
0
0
0
0
0
0
0
0
0
0
0
0
0
0
0
0
0
0
0
0
0
0
0
0
0
0
0
0
0
0
0
0
0
0
0
0
0
0
0
0
0
0
0
0
0
0
0
0
0
0
0
0
0
0
0
0
0
0
0
0
0
0
0
0
0
0
0
0
0
0
0
0
0
0
0
0
0
0
0
0
0
0
0

-250
-235
-220
-205
-195
-182
-163
-149
-139
-132
-119
-110
-98
-84
-70
-62
-54
-260
-245
-230
-215
-205
-192
-173
-159
-147
-137
-127
-118
-108
-94
-80
-65
0
0
0
0
0
0
0
0
0
0
0
0
0
0
0
0
0
0
0
0
0
0
0
0
0
0
0
0
0
0
0
0
0
0
0
0
0
0
0
0
0
0
0
0
0
0
0
0
0
0
0
0
0
0
0
0
0
0
0
0
0
0
0
0
0
0
0
0
0
0
0
0
0
0
0
0
0
0
0
0
0
0
0
0
0
0
0
0
0
0
0
0
0
0
0
0

-260
-245
-230
-215
-205
-192
-173
-159
-147
-137
-127
-118
-108
-94
-80
-65
-61
-270
-255
-240
-225
-214
-202
-183
-169
-157
-147
-137
-127
-118
-104
-90
-75
0
0
0
0
0
0
0
0
0
0
0
0
0
0
0
0
0
0
0
0
0
0
0
0
0
0
0
0
0
0
0
0
0
0
0
0
0
0
0
0
0
0
0
0
0
0
0
0
0
0
0
0
0
0
0
0
0
0
0
0
0
0
0
0
0
0
0
0
0
0
0
0
0
0
0
0
0
0
0
0
0
0
0
0
0
0
0
0
0
0
0
0
0
0
0
0

-270
-255
-240
-225
-214
-202
-183
-169
-157
-147
-137
-127
-118
-104
-90
-75
-65
-280
-265
-250
-235
-224
-212
-193
-179
-167
-155
-147
-137
-125
-114
-100
-85
0
0
0
0
0
0
0
0
0
0
0
0
0
0
0
0
0
0
0
0
0
0
0
0
0
0
0
0
0
0
0
0
0
0
0
0
0
0
0
0
0
0
0
0
0
0
0
0
0
0
0
0
0
0
0
0
0
0
0
0
0
0
0
0
0
0
0
0
0
0
0
0
0
0
0
0
0
0
0
0
0
0
0
0
0
0
0
0
0
0
0
0
0
0
0
0

-280
-265
-250
-235
-224
-212
-193
-179
-167
-155
-147
-137
-125
-114
-100
-85
-75
-290
-275
-260
-245
-227
-222
-203
-189
-177
-165
-155
-147
-135
-124
-110
-95
0
0
0
0
0
0
0
0
0
0
0
0
0
0
0
0
0
0
0
0
0
0
0
0
0
0
0
0
0
0
0
0
0
0
0
0
0
0
0
0
0
0
0
0
0
0
0
0
0
0
0
0
0
0
0
0
0
0
0
0
0
0
0
0
0
0
0
0
0
0
0
0
0
0
0
0
0
0
0
0
0
0
0
0
0
0
0
0
0
0
0
0
0
0
0
0

-290
-275
-260
-245
-227
-222
-203
-189
-177
-165
-155
-147
-135
-124
-110
-95
-85
-300
-285
-270
-255
-237
-227
-213
-199
-187
-175
-164
-150
-145
-134
-120
-105
0
0
0
0
0
0
0
0
0
0
0
0
0
0
0
0
0
0
0
0
0
0
0
0
0
0
0
0
0
0
0
0
0
0
0
0
0
0
0
0
0
0
0
0
0
0
0
0
0
0
0
0
0
0
0
0
0
0
0
0
0
0
0
0
0
0
0
0
0
0
0
0
0
0
0
0
0
0
0
0
0
0
0
0
0
0
0
0
0
0
0
0
0
0
0
0

-300
-285
-270
-255
-237
-227
-213
-199
-187
-175
-164
-150
-145
-134
-120
-105
-90
-310
-295
-280
-265
-247
-237
-218
-209
-197
-185
-174
-160
-154
-144
-130
-115
0
0
0
0
0
0
0
0
0
0
0
0
0
0
0
0
0
0
0
0
0
0
0
0
0
0
0
0
0
0
0
0
0
0
0
0
0
0
0
0
0
0
0
0
0
0
0
0
0
0
0
0
0
0
0
0
0
0
0
0
0
0
0
0
0
0
0
0
0
0
0
0
0
0
0
0
0
0
0
0
0
0
0
0
0
0
0
0
0
0
0
0
0
0
0
0

-310
-295
-280
-265
-247
-237
-218
-209
-197
-185
-174
-160
-154
-144
-130
-115
-100
-320
-305
-290
-275
-257
-245
-228
-219
-207
-195
-180
-170
-158
-154
-140
-125
0
0
0
0
0
0
0
0
0
0
0
0
0
0
0
0
0
0
0
0
0
0
0
0
0
0
0
0
0
0
0
0
0
0
0
0
0
0
0
0
0
0
0
0
0
0
0
0
0
0
0
0
0
0
0
0
0
0
0
0
0
0
0
0
0
0
0
0
0
0
0
0
0
0
0
0
0
0
0
0
0
0
0
0
0
0
0
0
0
0
0
0
0
0
0
0

-320
-305
-290
-275
-257
-245
-228
-219
-207
-195
-180
-170
-158
-154
-140
-125
-110
-330
0
0
0
0
0
0
0
0
0
0
0
0
0
0
0
0
0
0
0
0
0
0
0
0
0
0
0
0
0
0
0
0
0
0
0
0
0
0
0
0
0
0
0
0
0
0
0
0
0
0
0
0
0
0
0
0
0
0
0
0
0
0
0
0
0
0
0
0
0
0
0
0
0
0
0
0
0
0
0
0
0
0
0
0
0
0
0
0
0
0
0
0
0
0
0
0
0
0
0
0
0
0
0
0
0
0
0
0
0
0
0

-330
-315
-300
-285
-267
-255
-238
-229
-217
-205
-190
-175
-168
-161
-150
-135
-120
-340
-325
-310
-295
-277
-265
-248
-239
-227
-215
-200
-185
-173
-171
-160
-145
0
0
0
0
0
0
0
0
0
0
0
0
0
0
0
0
0
0
0
0
0
0
0
0
0
0
0
0
0
0
0
0
0
0
0
0
0
0
0
0
0
0
0
0
0
0
0
0
0
0
0
0
0
0
0
0
0
0
0
0
0
0
0
0
0
0
0
0
0
0
0
0
0
0
0
0
0
0
0
0
0
0
0
0
0
0
0
0
0
0
0
0
0
0
0
0

-340
-325
-310
-295
-277
-265
-248
-239
-227
-215
-200
-185
-173
-171
-160
-145
-130
-350
-335
-320
-305
-287
-275
-258
-249
-237
-225
-210
-195
-183
-177
-170
-155
0
0
0
0
0
0
0
0
0
0
0
0
0
0
0
0
0
0
0
0
0
0
0
0
0
0
0
0
0
0
0
0
0
0
0
0
0
0
0
0
0
0
0
0
0
0
0
0
0
0
0
0
0
0
0
0
0
0
0
0
0
0
0
0
0
0
0
0
0
0
0
0
0
0
0
0
0
0
0
0
0
0
0
0
0
0
0
0
0
0
0
0
0
0
0
0

-350
-335
-320
-305
-287
-275
-258
-249
-237
-225
-210
-195
-183
-177
-170
-155
-140
-360
-345
-330
-315
-297
-282
-268
-259
-244
-232
-220
-205
-190
-186
-180
-165
0
0
0
0
0
0
0
0
0
0
0
0
0
0
0
0
0
0
0
0
0
0
0
0
0
0
0
0
0
0
0
0
0
0
0
0
0
0
0
0
0
0
0
0
0
0
0
0
0
0
0
0
0
0
0
0
0
0
0
0
0
0
0
0
0
0
0
0
0
0
0
0
0
0
0
0
0
0
0
0
0
0
0
0
0
0
0
0
0
0
0
0
0
0
0
0

-360
-345
-330
-315
-297
-282
-268
-259
-244
-232
-220
-205
-190
-186
-180
-165
-150
-370
-355
-340
-325
-307
-292
-278
-269
-254
-242
-230
-215
-200
-193
-189
-175
0
0
0
0
0
0
0
0
0
0
0
0
0
0
0
0
0
0
0
0
0
0
0
0
0
0
0
0
0
0
0
0
0
0
0
0
0
0
0
0
0
0
0
0
0
0
0
0
0
0
0
0
0
0
0
0
0
0
0
0
0
0
0
0
0
0
0
0
0
0
0
0
0
0
0
0
0
0
0
0
0
0
0
0
0
0
0
0
0
0
0
0
0
0
0
0

-370
-355
-340
-325
-307
-292
-278
-269
-254
-242
-230
-215
-200
-193
-189
-175
-160
-380
-365
-350
-335
-317
-302
-288
-279
-264
-252
-237
-225
-210
-203
-195
-184
0
0
0
0
0
0
0
0
0
0
0
0
0
0
0
0
0
0
0
0
0
0
0
0
0
0
0
0
0
0
0
0
0
0
0
0
0
0
0
0
0
0
0
0
0
0
0
0
0
0
0
0
0
0
0
0
0
0
0
0
0
0
0
0
0
0
0
0
0
0
0
0
0
0
0
0
0
0
0
0
0
0
0
0
0
0
0
0
0
0
0
0
0
0
0
0

-380
-365
-350
-335
-317
-302
-288
-279
-264
-252
-237
-225
-210
-203
-195
-184
-170
-390
-375
-360
-345
-327
-312
-293
-289
-274
-262
-247
-235
-220
-211
-204
-194
0
0
0
0
0
0
0
0
0
0
0
0
0
0
0
0
0
0
0
0
0
0
0
0
0
0
0
0
0
0
0
0
0
0
0
0
0
0
0
0
0
0
0
0
0
0
0
0
0
0
0
0
0
0
0
0
0
0
0
0
0
0
0
0
0
0
0
0
0
0
0
0
0
0
0
0
0
0
0
0
0
0
0
0
0
0
0
0
0
0
0
0
0
0
0
0

-390
-375
-360
-345
-327
-312
-293
-289
-274
-262
-247
-235
-220
-211
-204
-194
-180
-400
-385
-370
-355
-337
-322
-303
-291
-284
-272
-257
-245
-230
-216
-209
-204
0
0
0
0
0
0
0
0
0
0
0
0
0
0
0
0
0
0
0
0
0
0
0
0
0
0
0
0
0
0
0
0
0
0
0
0
0
0
0
0
0
0
0
0
0
0
0
0
0
0
0
0
0
0
0
0
0
0
0
0
0
0
0
0
0
0
0
0
0
0
0
0
0
0
0
0
0
0
0
0
0
0
0
0
0
0
0
0
0
0
0
0
0
0
0
0

-400
-385
-370
-355
-337
-322
-303
-291
-284
-272
-257
-245
-230
-216
-209
-204
-190
-410
-395
-380
-365
-347
-332
-313
-301
-291
-282
-267
-255
-240
-226
-219
-209
0
0
0
0
0
0
0
0
0
0
0
0
0
0
0
0
0
0
0
0
0
0
0
0
0
0
0
0
0
0
0
0
0
0
0
0
0
0
0
0
0
0
0
0
0
0
0
0
0
0
0
0
0
0
0
0
0
0
0
0
0
0
0
0
0
0
0
0
0
0
0
0
0
0
0
0
0
0
0
0
0
0
0
0
0
0
0
0
0
0
0
0
0
0
0
0

-410
-395
-380
-365
-347
-332
-313
-301
-291
-282
-267
-255
-240
-226
-219
-209
-200
-420
-405
-390
-375
-357
-342
-323
-311
-301
-291
-277
-262
-250
-236
-228
-218
0
0
0
0
0
0
0
0
0
0
0
0
0
0
0
0
0
0
0
0
0
0
0
0
0
0
0
0
0
0
0
0
0
0
0
0
0
0
0
0
0
0
0
0
0
0
0
0
0
0
0
0
0
0
0
0
0
0
0
0
0
0
0
0
0
0
0
0
0
0
0
0
0
0
0
0
0
0
0
0
0
0
0
0
0
0
0
0
0
0
0
0
0
0
0
0

-420
-405
-390
-375
-357
-342
-323
-311
-301
-291
-277
-262
-250
-236
-228
-218
-204
-430
-415
-400
-385
-367
-352
-333
-319
-311
-301
-287
-272
-260
-246
-238
-228
0
0
0
0
0
0
0
0
0
0
0
0
0
0
0
0
0
0
0
0
0
0
0
0
0
0
0
0
0
0
0
0
0
0
0
0
0
0
0
0
0
0
0
0
0
0
0
0
0
0
0
0
0
0
0
0
0
0
0
0
0
0
0
0
0
0
0
0
0
0
0
0
0
0
0
0
0
0
0
0
0
0
0
0
0
0
0
0
0
0
0
0
0
0
0
0

-430
-415
-400
-385
-367
-352
-333
-319
-311
-301
-287
-272
-260
-246
-238
-228
-214
-440
-425
-410
-395
-377
-362
-343
-329
-319
-311
-297
-282
-270
-256
-248
-238
0
0
0
0
0
0
0
0
0
0
0
0
0
0
0
0
0
0
0
0
0
0
0
0
0
0
0
0
0
0
0
0
0
0
0
0
0
0
0
0
0
0
0
0
0
0
0
0
0
0
0
0
0
0
0
0
0
0
0
0
0
0
0
0
0
0
0
0
0
0
0
0
0
0
0
0
0
0
0
0
0
0
0
0
0
0
0
0
0
0
0
0
0
0
0
0

-440
-425
-410
-395
-377
-362
-343
-329
-319
-311
-297
-282
-270
-256
-248
-238
-223
-450
-435
-420
-405
-387
-372
-353
-339
-329
-321
-307
-292
-280
-266
-254
-248
0
0
0
0
0
0
0
0
0
0
0
0
0
0
0
0
0
0
0
0
0
0
0
0
0
0
0
0
0
0
0
0
0
0
0
0
0
0
0
0
0
0
0
0
0
0
0
0
0
0
0
0
0
0
0
0
0
0
0
0
0
0
0
0
0
0
0
0
0
0
0
0
0
0
0
0
0
0
0
0
0
0
0
0
0
0
0
0
0
0
0
0
0
0
0
0

-450
-435
-420
-405
-387
-372
-353
-339
-329
-321
-307
-292
-280
-266
-254
-248
-233
-460
-445
-430
-415
-397
-382
-363
-349
-339
-329
-317
-302
-290
-276
-264
-254
0
0
0
0
0
0
0
0
0
0
0
0
0
0
0
0
0
0
0
0
0
0
0
0
0
0
0
0
0
0
0
0
0
0
0
0
0
0
0
0
0
0
0
0
0
0
0
0
0
0
0
0
0
0
0
0
0
0
0
0
0
0
0
0
0
0
0
0
0
0
0
0
0
0
0
0
0
0
0
0
0
0
0
0
0
0
0
0
0
0
0
0
0
0
0
0

-460
-445
-430
-415
-397
-382
-363
-349
-339
-329
-317
-302
-290
-276
-264
-254
-243
-470
-455
-440
-425
-407
-392
-373
-359
-349
-339
-327
-312
-300
-286
-274
-263
0
0
0
0
0
0
0
0
0
0
0
0
0
0
0
0
0
0
0
0
0
0
0
0
0
0
0
0
0
0
0
0
0
0
0
0
0
0
0
0
0
0
0
0
0
0
0
0
0
0
0
0
0
0
0
0
0
0
0
0
0
0
0
0
0
0
0
0
0
0
0
0
0
0
0
0
0
0
0
0
0
0
0
0
0
0
0
0
0
0
0
0
0
0
0
0

-470
-455
-440
-425
-407
-392
-373
-359
-349
-339
-327
-312
-300
-286
-274
-263
-249
-480
-465
-450
-435
-417
-402
-383
-369
-359
-349
-337
-322
-310
-296
-284
-273
0
0
0
0
0
0
0
0
0
0
0
0
0
0
0
0
0
0
0
0
0
0
0
0
0
0
0
0
0
0
0
0
0
0
0
0
0
0
0
0
0
0
0
0
0
0
0
0
0
0
0
0
0
0
0
0
0
0
0
0
0
0
0
0
0
0
0
0
0
0
0
0
0
0
0
0
0
0
0
0
0
0
0
0
0
0
0
0
0
0
0
0
0
0
0
0

-480
-465
-450
-435
-417
-402
-383
-369
-359
-349
-337
-322
-310
-296
-284
-273
-259
-490
0
0
0
0
0
0
0
0
0
0
0
0
0
0
0
0
0
0
0
0
0
0
0
0
0
0
0
0
0
0
0
0
0
0
0
0
0
0
0
0
0
0
0
0
0
0
0
0
0
0
0
0
0
0
0
0
0
0
0
0
0
0
0
0
0
0
0
0
0
0
0
0
0
0
0
0
0
0
0
0
0
0
0
0
0
0
0
0
0
0
0
0
0
0
0
0
0
0
0
0
0
0
0
0
0
0
0
0
0
0
0

-490
-475
-460
-445
-427
-412
-393
-379
-364
-354
-347
-332
-317
-306
-294
-282
-269
-500
-485
-470
-455
-437
-422
-403
-389
-374
-362
-354
-342
-327
-316
-304
-292
0
0
0
0
0
0
0
0
0
0
0
0
0
0
0
0
0
0
0
0
0
0
0
0
0
0
0
0
0
0
0
0
0
0
0
0
0
0
0
0
0
0
0
0
0
0
0
0
0
0
0
0
0
0
0
0
0
0
0
0
0
0
0
0
0
0
0
0
0
0
0
0
0
0
0
0
0
0
0
0
0
0
0
0
0
0
0
0
0
0
0
0
0
0
0
0

-500
-485
-470
-455
-437
-422
-403
-389
-374
-362
-354
-342
-327
-316
-304
-292
-279
-510
-495
-480
-465
-447
-432
-413
-399
-384
-372
-364
-352
-337
-326
-314
-302
0
0
0
0
0
0
0
0
0
0
0
0
0
0
0
0
0
0
0
0
0
0
0
0
0
0
0
0
0
0
0
0
0
0
0
0
0
0
0
0
0
0
0
0
0
0
0
0
0
0
0
0
0
0
0
0
0
0
0
0
0
0
0
0
0
0
0
0
0
0
0
0
0
0
0
0
0
0
0
0
0
0
0
0
0
0
0
0
0
0
0
0
0
0
0
0

-510
-495
-480
-465
-447
-432
-413
-399
-384
-372
-364
-352
-337
-326
-314
-302
-289
-520
-505
-490
-475
-457
-442
-423
-409
-394
-382
-372
-362
-347
-336
-324
-312
0
0
0
0
0
0
0
0
0
0
0
0
0
0
0
0
0
0
0
0
0
0
0
0
0
0
0
0
0
0
0
0
0
0
0
0
0
0
0
0
0
0
0
0
0
0
0
0
0
0
0
0
0
0
0
0
0
0
0
0
0
0
0
0
0
0
0
0
0
0
0
0
0
0
0
0
0
0
0
0
0
0
0
0
0
0
0
0
0
0
0
0
0
0
0
0

-520
-505
-490
-475
-457
-442
-423
-409
-394
-382
-372
-362
-347
-336
-324
-312
-299
-530
-515
-500
-485
-467
-452
-433
-419
-404
-392
-382
-372
-357
-346
-334
-322
0
0
0
0
0
0
0
0
0
0
0
0
0
0
0
0
0
0
0
0
0
0
0
0
0
0
0
0
0
0
0
0
0
0
0
0
0
0
0
0
0
0
0
0
0
0
0
0
0
0
0
0
0
0
0
0
0
0
0
0
0
0
0
0
0
0
0
0
0
0
0
0
0
0
0
0
0
0
0
0
0
0
0
0
0
0
0
0
0
0
0
0
0
0
0
0

-530
-515
-500
-485
-467
-452
-433
-419
-404
-392
-382
-372
-357
-346
-334
-322
-309
-540
-525
-510
-495
-477
-462
-443
-429
-414
-402
-392
-382
-367
-356
-344
-332
0
0
0
0
0
0
0
0
0
0
0
0
0
0
0
0
0
0
0
0
0
0
0
0
0
0
0
0
0
0
0
0
0
0
0
0
0
0
0
0
0
0
0
0
0
0
0
0
0
0
0
0
0
0
0
0
0
0
0
0
0
0
0
0
0
0
0
0
0
0
0
0
0
0
0
0
0
0
0
0
0
0
0
0
0
0
0
0
0
0
0
0
0
0
0
0

-540
-525
-510
-495
-477
-462
-443
-429
-414
-402
-392
-382
-367
-356
-344
-332
-319
-550
-535
-520
-505
-487
-472
-453
-439
-424
-409
-402
-392
-377
-366
-354
-342
0
0
0
0
0
0
0
0
0
0
0
0
0
0
0
0
0
0
0
0
0
0
0
0
0
0
0
0
0
0
0
0
0
0
0
0
0
0
0
0
0
0
0
0
0
0
0
0
0
0
0
0
0
0
0
0
0
0
0
0
0
0
0
0
0
0
0
0
0
0
0
0
0
0
0
0
0
0
0
0
0
0
0
0
0
0
0
0
0
0
0
0
0
0
0
0

-550
-535
-520
-505
-487
-472
-453
-439
-424
-409
-402
-392
-377
-366
-354
-342
-329
-560
-545
-530
-515
-497
-482
-463
-449
-434
-419
-407
-402
-387
-376
-364
-352
0
0
0
0
0
0
0
0
0
0
0
0
0
0
0
0
0
0
0
0
0
0
0
0
0
0
0
0
0
0
0
0
0
0
0
0
0
0
0
0
0
0
0
0
0
0
0
0
0
0
0
0
0
0
0
0
0
0
0
0
0
0
0
0
0
0
0
0
0
0
0
0
0
0
0
0
0
0
0
0
0
0
0
0
0
0
0
0
0
0
0
0
0
0
0
0

-560
-545
-530
-515
-497
-482
-463
-449
-434
-419
-407
-402
-387
-376
-364
-352
-339
-570
-555
-540
-525
-507
-492
-473
-459
-444
-429
-417
-407
-397
-386
-374
-362
0
0
0
0
0
0
0
0
0
0
0
0
0
0
0
0
0
0
0
0
0
0
0
0
0
0
0
0
0
0
0
0
0
0
0
0
0
0
0
0
0
0
0
0
0
0
0
0
0
0
0
0
0
0
0
0
0
0
0
0
0
0
0
0
0
0
0
0
0
0
0
0
0
0
0
0
0
0
0
0
0
0
0
0
0
0
0
0
0
0
0
0
0
0
0
0

-570
-555
-540
-525
-507
-492
-473
-459
-444
-429
-417
-407
-397
-386
-374
-362
-349
-580
-565
-550
-535
-517
-502
-483
-469
-454
-439
-427
-417
-407
-396
-384
-372
0
0
0
0
0
0
0
0
0
0
0
0
0
0
0
0
0
0
0
0
0
0
0
0
0
0
0
0
0
0
0
0
0
0
0
0
0
0
0
0
0
0
0
0
0
0
0
0
0
0
0
0
0
0
0
0
0
0
0
0
0
0
0
0
0
0
0
0
0
0
0
0
0
0
0
0
0
0
0
0
0
0
0
0
0
0
0
0
0
0
0
0
0
0
0
0

-580
-565
-550
-535
-517
-502
-483
-469
-454
-439
-427
-417
-407
-396
-384
-372
-359
-590
-575
-560
-545
-527
-512
-493
-479
-464
-449
-437
-422
-417
-406
-394
-382
0
0
0
0
0
0
0
0
0
0
0
0
0
0
0
0
0
0
0
0
0
0
0
0
0
0
0
0
0
0
0
0
0
0
0
0
0
0
0
0
0
0
0
0
0
0
0
0
0
0
0
0
0
0
0
0
0
0
0
0
0
0
0
0
0
0
0
0
0
0
0
0
0
0
0
0
0
0
0
0
0
0
0
0
0
0
0
0
0
0
0
0
0
0
0
0

-590
-575
-560
-545
-527
-512
-493
-479
-464
-449
-437
-422
-417
-406
-394
-382
-367
-600
-585
-570
-555
-537
-522
-503
-489
-474
-459
-447
-432
-417
-416
-404
-392
0
0
0
0
0
0
0
0
0
0
0
0
0
0
0
0
0
0
0
0
0
0
0
0
0
0
0
0
0
0
0
0
0
0
0
0
0
0
0
0
0
0
0
0
0
0
0
0
0
0
0
0
0
0
0
0
0
0
0
0
0
0
0
0
0
0
0
0
0
0
0
0
0
0
0
0
0
0
0
0
0
0
0
0
0
0
0
0
0
0
0
0
0
0
0
0

-600
-585
-570
-555
-537
-522
-503
-489
-474
-459
-447
-432
-417
-416
-404
-392
-377
-610
-595
-580
-565
-547
-532
-513
-499
-484
-469
-457
-442
-427
-413
-414
-402
0
0
0
0
0
0
0
0
0
0
0
0
0
0
0
0
0
0
0
0
0
0
0
0
0
0
0
0
0
0
0
0
0
0
0
0
0
0
0
0
0
0
0
0
0
0
0
0
0
0
0
0
0
0
0
0
0
0
0
0
0
0
0
0
0
0
0
0
0
0
0
0
0
0
0
0
0
0
0
0
0
0
0
0
0
0
0
0
0
0
0
0
0
0
0
0

-610
-595
-580
-565
-547
-532
-513
-499
-484
-469
-457
-442
-427
-413
-414
-402
-387
-620
-605
-590
-575
-557
-542
-523
-509
-494
-479
-467
-452
-437
-423
-414
-412
0
0
0
0
0
0
0
0
0
0
0
0
0
0
0
0
0
0
0
0
0
0
0
0
0
0
0
0
0
0
0
0
0
0
0
0
0
0
0
0
0
0
0
0
0
0
0
0
0
0
0
0
0
0
0
0
0
0
0
0
0
0
0
0
0
0
0
0
0
0
0
0
0
0
0
0
0
0
0
0
0
0
0
0
0
0
0
0
0
0
0
0
0
0
0
0

-620
-605
-590
-575
-557
-542
-523
-509
-494
-479
-467
-452
-437
-423
-414
-412
-397
-630
-615
-600
-585
-567
-552
-533
-519
-504
-489
-477
-462
-447
-433
-419
-416
0
0
0
0
0
0
0
0
0
0
0
0
0
0
0
0
0
0
0
0
0
0
0
0
0
0
0
0
0
0
0
0
0
0
0
0
0
0
0
0
0
0
0
0
0
0
0
0
0
0
0
0
0
0
0
0
0
0
0
0
0
0
0
0
0
0
0
0
0
0
0
0
0
0
0
0
0
0
0
0
0
0
0
0
0
0
0
0
0
0
0
0
0
0
0
0

-630
-615
-600
-585
-567
-552
-533
-519
-504
-489
-477
-462
-447
-433
-419
-416
-407
-640
-625
-610
-595
-577
-562
-543
-529
-514
-499
-487
-472
-457
-443
-429
-422
0
0
0
0
0
0
0
0
0
0
0
0
0
0
0
0
0
0
0
0
0
0
0
0
0
0
0
0
0
0
0
0
0
0
0
0
0
0
0
0
0
0
0
0
0
0
0
0
0
0
0
0
0
0
0
0
0
0
0
0
0
0
0
0
0
0
0
0
0
0
0
0
0
0
0
0
0
0
0
0
0
0
0
0
0
0
0
0
0
0
0
0
0
0
0
0

-640
-625
-610
-595
-577
-562
-543
-529
-514
-499
-487
-472
-457
-443
-429
-422
-417
-650
0
0
0
0
0
0
0
0
0
0
0
0
0
0
0
0
0
0
0
0
0
0
0
0
0
0
0
0
0
0
0
0
0
0
0
0
0
0
0
0
0
0
0
0
0
0
0
0
0
0
0
0
0
0
0
0
0
0
0
0
0
0
0
0
0
0
0
0
0
0
0
0
0
0
0
0
0
0
0
0
0
0
0
0
0
0
0
0
0
0
0
0
0
0
0
0
0
0
0
0
0
0
0
0
0
0
0
0
0
0
0

-650
-635
-620
-605
-587
-572
-553
-539
-524
-509
-497
-482
-467
-453
-439
-432
-425
-660
-645
-630
-615
-597
-582
-563
-549
-534
-519
-507
-492
-477
-463
-449
-439
0
0
0
0
0
0
0
0
0
0
0
0
0
0
0
0
0
0
0
0
0
0
0
0
0
0
0
0
0
0
0
0
0
0
0
0
0
0
0
0
0
0
0
0
0
0
0
0
0
0
0
0
0
0
0
0
0
0
0
0
0
0
0
0
0
0
0
0
0
0
0
0
0
0
0
0
0
0
0
0
0
0
0
0
0
0
0
0
0
0
0
0
0
0
0
0

-660
-645
-630
-615
-597
-582
-563
-549
-534
-519
-507
-492
-477
-463
-449
-439
-432
-670
-655
-640
-625
-607
-592
-573
-559
-544
-529
-517
-502
-487
-473
-459
-449
0
0
0
0
0
0
0
0
0
0
0
0
0
0
0
0
0
0
0
0
0
0
0
0
0
0
0
0
0
0
0
0
0
0
0
0
0
0
0
0
0
0
0
0
0
0
0
0
0
0
0
0
0
0
0
0
0
0
0
0
0
0
0
0
0
0
0
0
0
0
0
0
0
0
0
0
0
0
0
0
0
0
0
0
0
0
0
0
0
0
0
0
0
0
0
0

-670
-655
-640
-625
-607
-592
-573
-559
-544
-529
-517
-502
-487
-473
-459
-449
-441
-680
-665
-650
-635
-617
-602
-583
-569
-554
-539
-527
-512
-497
-483
-469
-457
0
0
0
0
0
0
0
0
0
0
0
0
0
0
0
0
0
0
0
0
0
0
0
0
0
0
0
0
0
0
0
0
0
0
0
0
0
0
0
0
0
0
0
0
0
0
0
0
0
0
0
0
0
0
0
0
0
0
0
0
0
0
0
0
0
0
0
0
0
0
0
0
0
0
0
0
0
0
0
0
0
0
0
0
0
0
0
0
0
0
0
0
0
0
0
0

-680
-665
-650
-635
-617
-602
-583
-569
-554
-539
-527
-512
-497
-483
-469
-457
-449
-690
-675
-660
-645
-627
-612
-593
-579
-564
-549
-537
-522
-507
-493
-479
-467
0
0
0
0
0
0
0
0
0
0
0
0
0
0
0
0
0
0
0
0
0
0
0
0
0
0
0
0
0
0
0
0
0
0
0
0
0
0
0
0
0
0
0
0
0
0
0
0
0
0
0
0
0
0
0
0
0
0
0
0
0
0
0
0
0
0
0
0
0
0
0
0
0
0
0
0
0
0
0
0
0
0
0
0
0
0
0
0
0
0
0
0
0
0
0
0

-690
-675
-660
-645
-627
-612
-593
-579
-564
-549
-537
-522
-507
-493
-479
-467
-459
-700
-685
-670
-655
-637
-622
-603
-589
-574
-559
-547
-532
-517
-503
-489
-477
0
0
0
0
0
0
0
0
0
0
0
0
0
0
0
0
0
0
0
0
0
0
0
0
0
0
0
0
0
0
0
0
0
0
0
0
0
0
0
0
0
0
0
0
0
0
0
0
0
0
0
0
0
0
0
0
0
0
0
0
0
0
0
0
0
0
0
0
0
0
0
0
0
0
0
0
0
0
0
0
0
0
0
0
0
0
0
0
0
0
0
0
0
0
0
0

-700
-685
-670
-655
-637
-622
-603
-589
-574
-559
-547
-532
-517
-503
-489
-477
-467
-710
-695
-680
-665
-647
-632
-613
-599
-584
-569
-557
-542
-527
-513
-499
-487
0
0
0
0
0
0
0
0
0
0
0
0
0
0
0
0
0
0
0
0
0
0
0
0
0
0
0
0
0
0
0
0
0
0
0
0
0
0
0
0
0
0
0
0
0
0
0
0
0
0
0
0
0
0
0
0
0
0
0
0
0
0
0
0
0
0
0
0
0
0
0
0
0
0
0
0
0
0
0
0
0
0
0
0
0
0
0
0
0
0
0
0
0
0
0
0

-710
-695
-680
-665
-647
-632
-613
-599
-584
-569
-557
-542
-527
-513
-499
-487
-477
-720
-705
-690
-675
-657
-642
-623
-609
-594
-579
-567
-552
-537
-523
-509
-497
0
0
0
0
0
0
0
0
0
0
0
0
0
0
0
0
0
0
0
0
0
0
0
0
0
0
0
0
0
0
0
0
0
0
0
0
0
0
0
0
0
0
0
0
0
0
0
0
0
0
0
0
0
0
0
0
0
0
0
0
0
0
0
0
0
0
0
0
0
0
0
0
0
0
0
0
0
0
0
0
0
0
0
0
0
0
0
0
0
0
0
0
0
0
0
0

-720
-705
-690
-675
-657
-642
-623
-609
-594
-579
-567
-552
-537
-523
-509
-497
-487
-730
-715
-700
-685
-667
-652
-633
-619
-604
-589
-577
-562
-547
-533
-519
-507
0
0
0
0
0
0
0
0
0
0
0
0
0
0
0
0
0
0
0
0
0
0
0
0
0
0
0
0
0
0
0
0
0
0
0
0
0
0
0
0
0
0
0
0
0
0
0
0
0
0
0
0
0
0
0
0
0
0
0
0
0
0
0
0
0
0
0
0
0
0
0
0
0
0
0
0
0
0
0
0
0
0
0
0
0
0
0
0
0
0
0
0
0
0
0
0

-730
-715
-700
-685
-667
-652
-633
-619
-604
-589
-577
-562
-547
-533
-519
-507
-497
-740
-725
-710
-695
-677
-662
-643
-629
-614
-599
-587
-572
-557
-543
-529
-517
0
0
0
0
0
0
0
0
0
0
0
0
0
0
0
0
0
0
0
0
0
0
0
0
0
0
0
0
0
0
0
0
0
0
0
0
0
0
0
0
0
0
0
0
0
0
0
0
0
0
0
0
0
0
0
0
0
0
0
0
0
0
0
0
0
0
0
0
0
0
0
0
0
0
0
0
0
0
0
0
0
0
0
0
0
0
0
0
0
0
0
0
0
0
0
0

-740
-725
-710
-695
-677
-662
-643
-629
-614
-599
-587
-572
-557
-543
-529
-517
-507
-750
-735
-720
-705
-687
-672
-653
-639
-624
-609
-597
-582
-567
-553
-539
-527
0
0
0
0
0
0
0
0
0
0
0
0
0
0
0
0
0
0
0
0
0
0
0
0
0
0
0
0
0
0
0
0
0
0
0
0
0
0
0
0
0
0
0
0
0
0
0
0
0
0
0
0
0
0
0
0
0
0
0
0
0
0
0
0
0
0
0
0
0
0
0
0
0
0
0
0
0
0
0
0
0
0
0
0
0
0
0
0
0
0
0
0
0
0
0
0

-750
-735
-720
-705
-687
-672
-653
-639
-624
-609
-597
-582
-567
-553
-539
-527
-517
-760
-745
-730
-715
-697
-682
-663
-649
-634
-619
-607
-592
-577
-563
-549
-537
0
0
0
0
0
0
0
0
0
0
0
0
0
0
0
0
0
0
0
0
0
0
0
0
0
0
0
0
0
0
0
0
0
0
0
0
0
0
0
0
0
0
0
0
0
0
0
0
0
0
0
0
0
0
0
0
0
0
0
0
0
0
0
0
0
0
0
0
0
0
0
0
0
0
0
0
0
0
0
0
0
0
0
0
0
0
0
0
0
0
0
0
0
0
0
0

-760
-745
-730
-715
-697
-682
-663
-649
-634
-619
-607
-592
-577
-563
-549
-537
-527
-770
-755
-740
-725
-707
-692
-673
-659
-644
-629
-617
-602
-587
-573
-559
-547
0
0
0
0
0
0
0
0
0
0
0
0
0
0
0
0
0
0
0
0
0
0
0
0
0
0
0
0
0
0
0
0
0
0
0
0
0
0
0
0
0
0
0
0
0
0
0
0
0
0
0
0
0
0
0
0
0
0
0
0
0
0
0
0
0
0
0
0
0
0
0
0
0
0
0
0
0
0
0
0
0
0
0
0
0
0
0
0
0
0
0
0
0
0
0
0

-770
-755
-740
-725
-707
-692
-673
-659
-644
-629
-617
-602
-587
-573
-559
-547
-537
-780
-765
-750
-735
-717
-702
-683
-669
-654
-639
-627
-612
-597
-583
-569
-557
0
0
0
0
0
0
0
0
0
0
0
0
0
0
0
0
0
0
0
0
0
0
0
0
0
0
0
0
0
0
0
0
0
0
0
0
0
0
0
0
0
0
0
0
0
0
0
0
0
0
0
0
0
0
0
0
0
0
0
0
0
0
0
0
0
0
0
0
0
0
0
0
0
0
0
0
0
0
0
0
0
0
0
0
0
0
0
0
0
0
0
0
0
0
0
0

-780
-765
-750
-735
-717
-702
-683
-669
-654
-639
-627
-612
-597
-583
-569
-557
-547
-790
-775
-760
-745
-727
-712
-693
-679
-664
-649
-637
-622
-607
-593
-579
-567
0
0
0
0
0
0
0
0
0
0
0
0
0
0
0
0
0
0
0
0
0
0
0
0
0
0
0
0
0
0
0
0
0
0
0
0
0
0
0
0
0
0
0
0
0
0
0
0
0
0
0
0
0
0
0
0
0
0
0
0
0
0
0
0
0
0
0
0
0
0
0
0
0
0
0
0
0
0
0
0
0
0
0
0
0
0
0
0
0
0
0
0
0
0
0
0

-790
-775
-760
-745
-727
-712
-693
-679
-664
-649
-637
-622
-607
-593
-579
-567
-552
-800
-785
-770
-755
-737
-722
-703
-689
-674
-659
-647
-632
-617
-603
-589
-577
0
0
0
0
0
0
0
0
0
0
0
0
0
0
0
0
0
0
0
0
0
0
0
0
0
0
0
0
0
0
0
0
0
0
0
0
0
0
0
0
0
0
0
0
0
0
0
0
0
0
0
0
0
0
0
0
0
0
0
0
0
0
0
0
0
0
0
0
0
0
0
0
0
0
0
0
0
0
0
0
0
0
0
0
0
0
0
0
0
0
0
0
0
0
0
0

-800
-785
-770
-755
-737
-722
-703
-689
-674
-659
-647
-632
-617
-603
-589
-577
-562
-810
0
0
0
0
0
0
0
0
0
0
0
0
0
0
0
0
0
0
0
0
0
0
0
0
0
0
0
0
0
0
0
0
0
0
0
0
0
0
0
0
0
0
0
0
0
0
0
0
0
0
0
0
0
0
0
0
0
0
0
0
0
0
0
0
0
0
0
0
0
0
0
0
0
0
0
0
0
0
0
0
0
0
0
0
0
0
0
0
0
0
0
0
0
0
0
0
0
0
0
0
0
0
0
0
0
0
0
0
0
0
0

-810
-795
-780
-765
-747
-732
-713
-699
-684
-669
-657
-642
-627
-613
-599
-587
-572
-820
-805
-790
-775
-757
-742
-723
-709
-694
-679
-667
-652
-637
-623
-609
-597
0
0
0
0
0
0
0
0
0
0
0
0
0
0
0
0
0
0
0
0
0
0
0
0
0
0
0
0
0
0
0
0
0
0
0
0
0
0
0
0
0
0
0
0
0
0
0
0
0
0
0
0
0
0
0
0
0
0
0
0
0
0
0
0
0
0
0
0
0
0
0
0
0
0
0
0
0
0
0
0
0
0
0
0
0
0
0
0
0
0
0
0
0
0
0
0

-820
-805
-790
-775
-757
-742
-723
-709
-694
-679
-667
-652
-637
-623
-609
-597
-582
-830
-815
-800
-785
-767
-752
-733
-719
-704
-689
-674
-662
-647
-633
-619
-604
0
0
0
0
0
0
0
0
0
0
0
0
0
0
0
0
0
0
0
0
0
0
0
0
0
0
0
0
0
0
0
0
0
0
0
0
0
0
0
0
0
0
0
0
0
0
0
0
0
0
0
0
0
0
0
0
0
0
0
0
0
0
0
0
0
0
0
0
0
0
0
0
0
0
0
0
0
0
0
0
0
0
0
0
0
0
0
0
0
0
0
0
0
0
0
0

-830
-815
-800
-785
-767
-752
-733
-719
-704
-689
-674
-662
-647
-633
-619
-604
-592
-840
-825
-810
-795
-777
-762
-743
-729
-714
-699
-684
-672
-657
-643
-629
-614
0
0
0
0
0
0
0
0
0
0
0
0
0
0
0
0
0
0
0
0
0
0
0
0
0
0
0
0
0
0
0
0
0
0
0
0
0
0
0
0
0
0
0
0
0
0
0
0
0
0
0
0
0
0
0
0
0
0
0
0
0
0
0
0
0
0
0
0
0
0
0
0
0
0
0
0
0
0
0
0
0
0
0
0
0
0
0
0
0
0
0
0
0
0
0
0

-840
-825
-810
-795
-777
-762
-743
-729
-714
-699
-684
-672
-657
-643
-629
-614
-602
-850
-835
-820
-805
-787
-772
-753
-739
-724
-709
-694
-682
-667
-653
-639
-624
0
0
0
0
0
0
0
0
0
0
0
0
0
0
0
0
0
0
0
0
0
0
0
0
0
0
0
0
0
0
0
0
0
0
0
0
0
0
0
0
0
0
0
0
0
0
0
0
0
0
0
0
0
0
0
0
0
0
0
0
0
0
0
0
0
0
0
0
0
0
0
0
0
0
0
0
0
0
0
0
0
0
0
0
0
0
0
0
0
0
0
0
0
0
0
0

-850
-835
-820
-805
-787
-772
-753
-739
-724
-709
-694
-682
-667
-653
-639
-624
-612
-860
-845
-830
-815
-797
-782
-763
-749
-734
-719
-704
-692
-677
-663
-649
-634
0
0
0
0
0
0
0
0
0
0
0
0
0
0
0
0
0
0
0
0
0
0
0
0
0
0
0
0
0
0
0
0
0
0
0
0
0
0
0
0
0
0
0
0
0
0
0
0
0
0
0
0
0
0
0
0
0
0
0
0
0
0
0
0
0
0
0
0
0
0
0
0
0
0
0
0
0
0
0
0
0
0
0
0
0
0
0
0
0
0
0
0
0
0
0
0

-860
-845
-830
-815
-797
-782
-763
-749
-734
-719
-704
-692
-677
-663
-649
-634
-622
-870
-855
-840
-825
-807
-792
-773
-759
-744
-729
-714
-702
-687
-673
-659
-644
0
0
0
0
0
0
0
0
0
0
0
0
0
0
0
0
0
0
0
0
0
0
0
0
0
0
0
0
0
0
0
0
0
0
0
0
0
0
0
0
0
0
0
0
0
0
0
0
0
0
0
0
0
0
0
0
0
0
0
0
0
0
0
0
0
0
0
0
0
0
0
0
0
0
0
0
0
0
0
0
0
0
0
0
0
0
0
0
0
0
0
0
0
0
0
0

-870
-855
-840
-825
-807
-792
-773
-759
-744
-729
-714
-702
-687
-673
-659
-644
-632
-880
-865
-850
-835
-817
-802
-783
-769
-754
-739
-724
-712
-697
-683
-669
-654
0
0
0
0
0
0
0
0
0
0
0
0
0
0
0
0
0
0
0
0
0
0
0
0
0
0
0
0
0
0
0
0
0
0
0
0
0
0
0
0
0
0
0
0
0
0
0
0
0
0
0
0
0
0
0
0
0
0
0
0
0
0
0
0
0
0
0
0
0
0
0
0
0
0
0
0
0
0
0
0
0
0
0
0
0
0
0
0
0
0
0
0
0
0
0
0

-880
-865
-850
-835
-817
-802
-783
-769
-754
-739
-724
-712
-697
-683
-669
-654
-642
-890
-875
-860
-845
-827
-812
-793
-779
-764
-749
-734
-722
-707
-693
-679
-664
0
0
0
0
0
0
0
0
0
0
0
0
0
0
0
0
0
0
0
0
0
0
0
0
0
0
0
0
0
0
0
0
0
0
0
0
0
0
0
0
0
0
0
0
0
0
0
0
0
0
0
0
0
0
0
0
0
0
0
0
0
0
0
0
0
0
0
0
0
0
0
0
0
0
0
0
0
0
0
0
0
0
0
0
0
0
0
0
0
0
0
0
0
0
0
0

-890
-875
-860
-845
-827
-812
-793
-779
-764
-749
-734
-722
-707
-693
-679
-664
-652
-900
-885
-870
-855
-837
-822
-803
-789
-774
-759
-744
-732
-717
-703
-689
-674
0
0
0
0
0
0
0
0
0
0
0
0
0
0
0
0
0
0
0
0
0
0
0
0
0
0
0
0
0
0
0
0
0
0
0
0
0
0
0
0
0
0
0
0
0
0
0
0
0
0
0
0
0
0
0
0
0
0
0
0
0
0
0
0
0
0
0
0
0
0
0
0
0
0
0
0
0
0
0
0
0
0
0
0
0
0
0
0
0
0
0
0
0
0
0
0

-900
-885
-870
-855
-837
-822
-803
-789
-774
-759
-744
-732
-717
-703
-689
-674
-662
-910
-895
-880
-865
-847
-832
-813
-799
-784
-769
-754
-742
-727
-713
-699
-684
0
0
0
0
0
0
0
0
0
0
0
0
0
0
0
0
0
0
0
0
0
0
0
0
0
0
0
0
0
0
0
0
0
0
0
0
0
0
0
0
0
0
0
0
0
0
0
0
0
0
0
0
0
0
0
0
0
0
0
0
0
0
0
0
0
0
0
0
0
0
0
0
0
0
0
0
0
0
0
0
0
0
0
0
0
0
0
0
0
0
0
0
0
0
0
0

-910
-895
-880
-865
-847
-832
-813
-799
-784
-769
-754
-742
-727
-713
-699
-684
-672
-920
-905
-890
-875
-857
-842
-823
-809
-794
-779
-764
-752
-737
-723
-709
-694
0
0
0
0
0
0
0
0
0
0
0
0
0
0
0
0
0
0
0
0
0
0
0
0
0
0
0
0
0
0
0
0
0
0
0
0
0
0
0
0
0
0
0
0
0
0
0
0
0
0
0
0
0
0
0
0
0
0
0
0
0
0
0
0
0
0
0
0
0
0
0
0
0
0
0
0
0
0
0
0
0
0
0
0
0
0
0
0
0
0
0
0
0
0
0
0

-920
-905
-890
-875
-857
-842
-823
-809
-794
-779
-764
-752
-737
-723
-709
-694
-682
-930
-915
-900
-885
-867
-852
-833
-819
-804
-789
-774
-762
-747
-733
-719
-704
0
0
0
0
0
0
0
0
0
0
0
0
0
0
0
0
0
0
0
0
0
0
0
0
0
0
0
0
0
0
0
0
0
0
0
0
0
0
0
0
0
0
0
0
0
0
0
0
0
0
0
0
0
0
0
0
0
0
0
0
0
0
0
0
0
0
0
0
0
0
0
0
0
0
0
0
0
0
0
0
0
0
0
0
0
0
0
0
0
0
0
0
0
0
0
0

-930
-915
-900
-885
-867
-852
-833
-819
-804
-789
-774
-762
-747
-733
-719
-704
-692
-940
-925
-910
-895
-877
-862
-843
-829
-814
-799
-784
-772
-757
-743
-729
-714
0
0
0
0
0
0
0
0
0
0
0
0
0
0
0
0
0
0
0
0
0
0
0
0
0
0
0
0
0
0
0
0
0
0
0
0
0
0
0
0
0
0
0
0
0
0
0
0
0
0
0
0
0
0
0
0
0
0
0
0
0
0
0
0
0
0
0
0
0
0
0
0
0
0
0
0
0
0
0
0
0
0
0
0
0
0
0
0
0
0
0
0
0
0
0
0

-940
-925
-910
-895
-877
-862
-843
-829
-814
-799
-784
-772
-757
-743
-729
-714
-702
-950
-935
-920
-905
-887
-872
-853
-839
-824
-809
-794
-782
-767
-753
-739
-724
0
0
0
0
0
0
0
0
0
0
0
0
0
0
0
0
0
0
0
0
0
0
0
0
0
0
0
0
0
0
0
0
0
0
0
0
0
0
0
0
0
0
0
0
0
0
0
0
0
0
0
0
0
0
0
0
0
0
0
0
0
0
0
0
0
0
0
0
0
0
0
0
0
0
0
0
0
0
0
0
0
0
0
0
0
0
0
0
0
0
0
0
0
0
0
0

-950
-935
-920
-905
-887
-872
-853
-839
-824
-809
-794
-782
-767
-753
-739
-724
-712
-960
-945
-930
-915
-897
-882
-863
-849
-834
-819
-804
-792
-777
-763
-749
-734
0
0
0
0
0
0
0
0
0
0
0
0
0
0
0
0
0
0
0
0
0
0
0
0
0
0
0
0
0
0
0
0
0
0
0
0
0
0
0
0
0
0
0
0
0
0
0
0
0
0
0
0
0
0
0
0
0
0
0
0
0
0
0
0
0
0
0
0
0
0
0
0
0
0
0
0
0
0
0
0
0
0
0
0
0
0
0
0
0
0
0
0
0
0
0
0

-960
-945
-930
-915
-897
-882
-863
-849
-834
-819
-804
-792
-777
-763
-749
-734
-722
-970
0
0
0
0
0
0
0
0
0
0
0
0
0
0
0
0
0
0
0
0
0
0
0
0
0
0
0
0
0
0
0
0
0
0
0
0
0
0
0
0
0
0
0
0
0
0
0
0
0
0
0
0
0
0
0
0
0
0
0
0
0
0
0
0
0
0
0
0
0
0
0
0
0
0
0
0
0
0
0
0
0
0
0
0
0
0
0
0
0
0
0
0
0
0
0
0
0
0
0
0
0
0
0
0
0
0
0
0
0
0
0

-970
-955
-940
-925
-907
-892
-873
-859
-844
-829
-814
-799
-787
-773
-759
-744
-729
-980
-965
-950
-935
-917
-902
-883
-869
-854
-839
-824
-809
-797
-783
-769
-754
0
0
0
0
0
0
0
0
0
0
0
0
0
0
0
0
0
0
0
0
0
0
0
0
0
0
0
0
0
0
0
0
0
0
0
0
0
0
0
0
0
0
0
0
0
0
0
0
0
0
0
0
0
0
0
0
0
0
0
0
0
0
0
0
0
0
0
0
0
0
0
0
0
0
0
0
0
0
0
0
0
0
0
0
0
0
0
0
0
0
0
0
0
0
0
0

-980
-965
-950
-935
-917
-902
-883
-869
-854
-839
-824
-809
-797
-783
-769
-754
-739
-990
-975
-960
-945
-927
-912
-893
-879
-864
-849
-834
-819
-807
-793
-779
-764
0
0
0
0
0
0
0
0
0
0
0
0
0
0
0
0
0
0
0
0
0
0
0
0
0
0
0
0
0
0
0
0
0
0
0
0
0
0
0
0
0
0
0
0
0
0
0
0
0
0
0
0
0
0
0
0
0
0
0
0
0
0
0
0
0
0
0
0
0
0
0
0
0
0
0
0
0
0
0
0
0
0
0
0
0
0
0
0
0
0
0
0
0
0
0
0

-990
-975
-960
-945
-927
-912
-893
-879
-864
-849
-834
-819
-807
-793
-779
-764
-749
-1000
-985
-970
-955
-937
-922
-903
-889
-874
-859
-844
-829
-817
-803
-789
-774
0
0
0
0
0
0
0
0
0
0
0
0
0
0
0
0
0
0
0
0
0
0
0
0
0
0
0
0
0
0
0
0
0
0
0
0
0
0
0
0
0
0
0
0
0
0
0
0
0
0
0
0
0
0
0
0
0
0
0
0
0
0
0
0
0
0
0
0
0
0
0
0
0
0
0
0
0
0
0
0
0
0
0
0
0
0
0
0
0
0
0
0
0
0
0
0

-1000
-985
-970
-955
-937
-922
-903
-889
-874
-859
-844
-829
-817
-803
-789
-774
-759
-1010
-995
-980
-965
-947
-932
-913
-899
-884
-869
-854
-839
-827
-813
-799
-784
0
0
0
0
0
0
0
0
0
0
0
0
0
0
0
0
0
0
0
0
0
0
0
0
0
0
0
0
0
0
0
0
0
0
0
0
0
0
0
0
0
0
0
0
0
0
0
0
0
0
0
0
0
0
0
0
0
0
0
0
0
0
0
0
0
0
0
0
0
0
0
0
0
0
0
0
0
0
0
0
0
0
0
0
0
0
0
0
0
0
0
0
0
0
0
0

-1010
-995
-980
-965
-947
-932
-913
-899
-884
-869
-854
-839
-827
-813
-799
-784
-769
-1020
-1005
-990
-975
-957
-942
-923
-909
-894
-879
-864
-849
-837
-823
-809
-794
0
0
0
0
0
0
0
0
0
0
0
0
0
0
0
0
0
0
0
0
0
0
0
0
0
0
0
0
0
0
0
0
0
0
0
0
0
0
0
0
0
0
0
0
0
0
0
0
0
0
0
0
0
0
0
0
0
0
0
0
0
0
0
0
0
0
0
0
0
0
0
0
0
0
0
0
0
0
0
0
0
0
0
0
0
0
0
0
0
0
0
0
0
0
0
0

-1020
-1005
-990
-975
-957
-942
-923
-909
-894
-879
-864
-849
-837
-823
-809
-794
-779
-1030
-1015
-1000
-985
-967
-952
-933
-919
-904
-889
-874
-859
-847
-833
-819
-804
0
0
0
0
0
0
0
0
0
0
0
0
0
0
0
0
0
0
0
0
0
0
0
0
0
0
0
0
0
0
0
0
0
0
0
0
0
0
0
0
0
0
0
0
0
0
0
0
0
0
0
0
0
0
0
0
0
0
0
0
0
0
0
0
0
0
0
0
0
0
0
0
0
0
0
0
0
0
0
0
0
0
0
0
0
0
0
0
0
0
0
0
0
0
0
0

-1030
-1015
-1000
-985
-967
-952
-933
-919
-904
-889
-874
-859
-847
-833
-819
-804
-789
-1040
-1025
-1010
-995
-977
-962
-943
-929
-914
-899
-884
-869
-857
-843
-829
-814
0
0
0
0
0
0
0
0
0
0
0
0
0
0
0
0
0
0
0
0
0
0
0
0
0
0
0
0
0
0
0
0
0
0
0
0
0
0
0
0
0
0
0
0
0
0
0
0
0
0
0
0
0
0
0
0
0
0
0
0
0
0
0
0
0
0
0
0
0
0
0
0
0
0
0
0
0
0
0
0
0
0
0
0
0
0
0
0
0
0
0
0
0
0
0
0

-1040
-1025
-1010
-995
-977
-962
-943
-929
-914
-899
-884
-869
-857
-843
-829
-814
-799
-1050
-1035
-1020
-1005
-987
-972
-953
-939
-924
-909
-894
-879
-867
-853
-839
-824
0
0
0
0
0
0
0
0
0
0
0
0
0
0
0
0
0
0
0
0
0
0
0
0
0
0
0
0
0
0
0
0
0
0
0
0
0
0
0
0
0
0
0
0
0
0
0
0
0
0
0
0
0
0
0
0
0
0
0
0
0
0
0
0
0
0
0
0
0
0
0
0
0
0
0
0
0
0
0
0
0
0
0
0
0
0
0
0
0
0
0
0
0
0
0
0

-1050
-1035
-1020
-1005
-987
-972
-953
-939
-924
-909
-894
-879
-867
-853
-839
-824
-809
-1060
-1045
-1030
-1015
-997
-982
-963
-949
-934
-919
-904
-889
-877
-863
-849
-834
0
0
0
0
0
0
0
0
0
0
0
0
0
0
0
0
0
0
0
0
0
0
0
0
0
0
0
0
0
0
0
0
0
0
0
0
0
0
0
0
0
0
0
0
0
0
0
0
0
0
0
0
0
0
0
0
0
0
0
0
0
0
0
0
0
0
0
0
0
0
0
0
0
0
0
0
0
0
0
0
0
0
0
0
0
0
0
0
0
0
0
0
0
0
0
0

-1060
-1045
-1030
-1015
-997
-982
-963
-949
-934
-919
-904
-889
-877
-863
-849
-834
-819
-1070
-1055
-1040
-1025
-1007
-992
-973
-959
-944
-929
-914
-899
-887
-873
-859
-844
0
0
0
0
0
0
0
0
0
0
0
0
0
0
0
0
0
0
0
0
0
0
0
0
0
0
0
0
0
0
0
0
0
0
0
0
0
0
0
0
0
0
0
0
0
0
0
0
0
0
0
0
0
0
0
0
0
0
0
0
0
0
0
0
0
0
0
0
0
0
0
0
0
0
0
0
0
0
0
0
0
0
0
0
0
0
0
0
0
0
0
0
0
0
0
0

-1070
-1055
-1040
-1025
-1007
-992
-973
-959
-944
-929
-914
-899
-887
-873
-859
-844
-829
-1080
-1065
-1050
-1035
-1017
-1002
-983
-969
-954
-939
-924
-909
-897
-883
-869
-854
0
0
0
0
0
0
0
0
0
0
0
0
0
0
0
0
0
0
0
0
0
0
0
0
0
0
0
0
0
0
0
0
0
0
0
0
0
0
0
0
0
0
0
0
0
0
0
0
0
0
0
0
0
0
0
0
0
0
0
0
0
0
0
0
0
0
0
0
0
0
0
0
0
0
0
0
0
0
0
0
0
0
0
0
0
0
0
0
0
0
0
0
0
0
0
0

-1080
-1065
-1050
-1035
-1017
-1002
-983
-969
-954
-939
-924
-909
-897
-883
-869
-854
-839
-1090
-1075
-1060
-1045
-1027
-1012
-993
-979
-964
-949
-934
-919
-907
-893
-879
-864
0
0
0
0
0
0
0
0
0
0
0
0
0
0
0
0
0
0
0
0
0
0
0
0
0
0
0
0
0
0
0
0
0
0
0
0
0
0
0
0
0
0
0
0
0
0
0
0
0
0
0
0
0
0
0
0
0
0
0
0
0
0
0
0
0
0
0
0
0
0
0
0
0
0
0
0
0
0
0
0
0
0
0
0
0
0
0
0
0
0
0
0
0
0
0
0

-1090
-1075
-1060
-1045
-1027
-1012
-993
-979
-964
-949
-934
-919
-907
-893
-879
-864
-849
-1100
-1085
-1070
-1055
-1037
-1022
-1003
-989
-974
-959
-944
-929
-917
-903
-889
-874
0
0
0
0
0
0
0
0
0
0
0
0
0
0
0
0
0
0
0
0
0
0
0
0
0
0
0
0
0
0
0
0
0
0
0
0
0
0
0
0
0
0
0
0
0
0
0
0
0
0
0
0
0
0
0
0
0
0
0
0
0
0
0
0
0
0
0
0
0
0
0
0
0
0
0
0
0
0
0
0
0
0
0
0
0
0
0
0
0
0
0
0
0
0
0
0

-1100
-1085
-1070
-1055
-1037
-1022
-1003
-989
-974
-959
-944
-929
-917
-903
-889
-874
-859
-1110
-1095
-1080
-1065
-1047
-1032
-1013
-999
-984
-969
-954
-939
-927
-913
-899
-884
0
0
0
0
0
0
0
0
0
0
0
0
0
0
0
0
0
0
0
0
0
0
0
0
0
0
0
0
0
0
0
0
0
0
0
0
0
0
0
0
0
0
0
0
0
0
0
0
0
0
0
0
0
0
0
0
0
0
0
0
0
0
0
0
0
0
0
0
0
0
0
0
0
0
0
0
0
0
0
0
0
0
0
0
0
0
0
0
0
0
0
0
0
0
0
0

-1110
-1095
-1080
-1065
-1047
-1032
-1013
-999
-984
-969
-954
-939
-927
-913
-899
-884
-869
-1120
-1105
-1090
-1075
-1057
-1042
-1023
-1009
-994
-979
-964
-949
-937
-923
-909
-894
0
0
0
0
0
0
0
0
0
0
0
0
0
0
0
0
0
0
0
0
0
0
0
0
0
0
0
0
0
0
0
0
0
0
0
0
0
0
0
0
0
0
0
0
0
0
0
0
0
0
0
0
0
0
0
0
0
0
0
0
0
0
0
0
0
0
0
0
0
0
0
0
0
0
0
0
0
0
0
0
0
0
0
0
0
0
0
0
0
0
0
0
0
0
0
0

-1120
-1105
-1090
-1075
-1057
-1042
-1023
-1009
-994
-979
-964
-949
-937
-923
-909
-894
-879
-1130
0
0
0
0
0
0
0
0
0
0
0
0
0
0
0
0
0
0
0
0
0
0
0
0
0
0
0
0
0
0
0
0
0
0
0
0
0
0
0
0
0
0
0
0
0
0
0
0
0
0
0
0
0
0
0
0
0
0
0
0
0
0
0
0
0
0
0
0
0
0
0
0
0
0
0
0
0
0
0
0
0
0
0
0
0
0
0
0
0
0
0
0
0
0
0
0
0
0
0
0
0
0
0
0
0
0
0
0
0
0
0

-1130
-1115
-1100
-1085
-1067
-1052
-1033
-1019
-1004
-989
-974
-959
-947
-933
-919
-904
-889
-10
-10
-2
0
-4
-4
-1
-3
-1
-3
-3
-4
-3
-1
-4
-3
-2
4
-2
0
-4
-3
-1
-2
-2
-1
-3
-2
-4
-3
-4
-2
-2
-4
4
0
2
-2
-3
-3
-4
-3
-4
-3
-4
2
-1
-1
4
4
-3
0
-3
-2
-3
-3
4
-3
-3
-4
-2
-2
2
-3
-2
-3
-1
0
-3
4
2
4
2
-2
-3
-2
-2
-2
-3
-1
4
2
-3
0
-4
2
-1
-4
-3
-1
-4
2
-1
-2
-1
4
-1
-4
-2
0
-3
-1
-4
-3
4
-1
2
-2
-1
-3
-3
-4

-3
-11
-3
-3
-4
0
-6
-3
-4
-5
1
-4
3
-5
-1
-3
-899
0
-10
-5
-5
0
-6
-7
-1
-6
-1
-3
-5
-4
-6
-3
-4
5
-4
5
-4
0
-4
-6
4
3
-5
-1
2
-4
-4
-5
-3
1
-4
-6
2
0
3
-2
-3
-5
-4
-5
-4
-5
-7
-1
-4
-2
2
4
-3
0
-2
-2
-3
-5
4
-3
-5
1
3
-5
2
1
-2
-6
-1
0
-5
1
0
1
3
-2
2
-1
3
-2
-6
-2
1
2
-5
0
-7
-1
-3
-4
-6
-3
-7
-1
0
-5
-3
-11
-3
-3
-4
0
-6
-3
-4
-5
1
-4
3
-5
-1
-3
-5

-8
-7
-13
-1
-5
-4
0
-8
2
-7
-9
-2
-2
-1
0
-1
-909
-10
0
-10
-9
-3
0
-10
-7
-5
-6
-1
-1
-5
-8
-4
-3
-4
2
-2
3
-2
0
-8
-6
4
-1
0
-1
4
-4
-2
-3
-1
3
-7
-8
-1
0
8
-2
-5
-5
-6
0
-2
-8
-11
-5
-7
-5
2
4
2
0
-2
-2
-6
-5
4
-1
-5
1
0
0
4
1
-6
-1
-1
0
-8
-2
-3
3
8
-2
4
-1
8
-2
-9
-5
6
0
-3
0
-10
1
-3
-8
-8
-6
-11
1
-4
-8
-7
-13
-1
-5
-4
0
-8
2
-7
-9
-2
-2
-1
0
-1
-1

-2
-9
-11
-11
-5
-8
-5
0
-8
4
-6
-5
-5
-3
-4
-3
-919
-20
-10
-3
-11
-12
-7
0
-10
-8
-8
-9
-4
-4
-6
-11
-7
-6
-2
-1
-6
0
-5
0
-10
-6
3
-4
-3
-4
1
-7
-5
-6
-4
5
-5
-4
-4
0
5
-5
-8
-9
-9
-3
2
-8
-12
-3
-5
-8
-1
1
-1
0
-5
0
-9
-6
1
-4
-8
5
-3
-3
1
0
-9
-4
1
0
-6
2
-6
0
5
-5
1
-2
7
0
-5
-4
2
-3
1
0
-9
-2
-4
-12
-4
-7
-9
0
-2
-9
-11
-11
-5
-8
-5
0
-8
4
-6
-5
-5
-3
-4
-3
-4

-3
-5
-9
-11
-11
-4
-11
-5
0
-6
1
-9
-5
-8
-3
-3
-929
-30
-14
-10
-6
-10
-12
-10
0
-10
-2
-2
-8
-3
-7
-5
-10
-7
-9
-2
-1
-5
0
-8
0
-10
-7
3
-4
-2
2
2
-7
-5
-5
-5
5
-5
-4
-4
0
5
-4
-8
-9
-8
-6
-1
-11
-13
-6
1
-2
-1
1
5
0
-8
1
-8
-5
1
-4
-5
5
-3
-2
-2
0
-3
-7
-2
0
-8
2
-6
0
5
-5
1
-3
4
-3
-5
-4
3
-6
-2
0
-8
-5
-4
-14
-7
-7
-10
-3
-5
-9
-11
-11
-4
-11
-5
0
-6
1
-9
-5
-8
-3
-3
-2

-6
-4
-9
-11
-15
-14
-5
-15
-8
0
-7
3
-7
-6
-11
-6
-939
-40
-24
-16
-11
-10
-14
-13
-10
0
-10
-5
-6
-11
-4
-11
-8
-12
-3
-11
-6
-5
-8
-1
-10
0
-10
-7
1
-8
-5
-2
0
-9
-9
-1
-5
7
-3
-7
-7
0
2
-8
-11
-13
-6
-7
-2
-7
-9
-9
-2
-5
-3
-2
2
0
-9
-2
-12
-7
-1
-2
-5
3
-6
-3
-5
-3
1
-5
2
0
-8
-1
-8
-2
3
-7
0
1
6
-4
-9
-7
5
-5
-6
0
-9
-9
-2
-12
-9
-8
-6
-4
-9
-11
-15
-14
-5
-15
-8
0
-7
3
-7
-6
-11
-6
-7

-10
-9
-6
-4
-13
-15
-15
-7
-13
-10
0
-7
8
-2
-4
-11
-949
-50
-34
-23
-19
-11
-12
-17
-13
-10
0
-10
-5
-6
-14
-4
-11
-7
-13
2
-8
-6
-3
-11
0
-9
0
-8
-6
1
-8
-5
3
5
-5
-11
-3
-3
12
2
-7
-9
0
0
-6
-11
-16
-9
-10
-4
-9
-9
-9
0
0
-3
-2
0
0
-9
-2
-11
-6
-4
0
0
3
-7
-1
-5
-5
-2
-7
-1
0
-6
0
-3
-1
5
-5
-2
-2
8
-2
-9
-5
2
-5
-6
0
-10
-12
-5
-7
-12
-10
-9
-6
-4
-13
-15
-15
-7
-13
-10
0
-7
8
-2
-4
-11
-6

-14
-13
-11
-5
-6
-13
-18
-17
-7
-15
-10
0
-2
5
-2
-4
-956
-60
-44
-29
-26
-21
-13
-15
-17
-16
-10
0
-10
-5
-9
-14
-4
-6
-9
-8
0
-10
-6
-6
-6
5
-5
0
-3
-8
1
-9
-4
4
3
-7
-13
-6
2
12
2
-8
-9
0
0
-8
-14
-19
-12
-12
-6
-9
-9
-9
1
0
-3
-4
0
0
-10
3
-6
-9
-4
1
0
0
-7
-1
-7
-8
-4
-10
0
0
-1
1
2
-1
2
-7
-5
-2
6
-4
-12
-8
0
-5
-9
0
-10
-15
-4
-10
-14
-13
-11
-5
-6
-13
-18
-17
-7
-15
-10
0
-2
5
-2
-4
-13

-13
-18
-15
-9
-7
-6
-16
-20
-12
-10
-19
-10
0
-5
10
0
-966
-70
-54
-39
-33
-24
-23
-17
-15
-21
-16
-10
0
-10
-9
-7
-14
-4
-9
-7
-10
2
-5
-10
-6
-5
1
0
0
-1
-8
3
-7
-2
6
0
-9
-16
-4
7
12
2
-8
-10
0
2
-8
-18
-22
-15
-15
-6
-9
-4
-7
1
0
-6
-4
0
0
-7
3
-7
-4
-2
1
-4
5
-5
-4
-10
-11
-7
-8
5
0
1
1
7
-3
-1
-10
0
-4
8
-2
-12
-6
0
-9
-10
0
-10
-13
-8
-13
-18
-15
-9
-7
-6
-16
-20
-12
-10
-19
-10
0
-5
10
0
-2

-11
-17
-20
-13
-11
-7
-10
-18
-15
-15
-14
-20
-8
0
0
10
-976
-80
-64
-49
-43
-31
-26
-27
-17
-19
-21
-16
-8
0
-10
-7
-7
-14
-7
-7
-9
-8
7
-3
-10
-6
-9
6
0
0
-1
-6
5
-5
0
3
-2
-12
-14
1
7
10
2
-8
-5
0
-1
-11
-21
-25
-18
-15
-6
-4
-2
-7
1
-3
-6
-4
2
0
-7
0
-2
-2
-2
-3
1
5
-5
-7
-13
-14
-5
-3
5
0
1
6
3
-6
-4
-5
-2
-2
5
-5
-10
-6
-4
-11
-10
0
-8
-17
-11
-17
-20
-13
-11
-7
-10
-18
-15
-15
-14
-20
-8
0
0
10
2

-20
-14
-11
-21
-7
-13
-10
-4
-14
-19
-18
-18
-18
-10
0
0
-986
-90
-74
-59
-52
-41
-25
-29
-27
-20
-19
-21
-17
-10
0
-10
-9
-9
-17
-9
-1
-10
-3
4
-5
-12
-9
-4
4
-1
0
-2
-5
3
-6
-4
9
-1
-11
-9
1
13
8
8
-2
-6
0
-4
-14
-24
-28
-18
-15
-8
-6
-2
-9
-3
-5
-8
-5
0
0
-10
-2
-4
-4
-5
-5
1
1
-9
-11
-17
-15
-7
-5
3
0
-1
3
-1
-10
-6
1
-3
-5
2
-6
-12
-9
2
-8
-10
0
-10
-20
-14
-11
-21
-7
-13
-10
-4
-14
-19
-18
-18
-18
-10
0
0
9

-10
-20
-15
-11
-17
-8
-16
-11
-2
-12
-22
-21
-18
-20
-8
0
-996
-100
-84
-69
-62
-46
-35
-28
-30
-30
-19
-18
-15
-18
-10
0
-10
-11
-13
-17
-10
5
-5
-6
2
-7
-15
-7
-6
10
0
0
-2
-5
9
-1
-1
6
-1
-9
-8
3
12
7
10
4
-6
0
-7
-17
-27
-27
-17
-13
-8
-5
-3
-13
-4
-6
-2
-7
-2
0
-8
-2
-5
-7
-3
-4
-3
-2
-12
-14
-17
-13
-9
-5
1
0
-4
-1
-4
-8
-7
7
-3
-8
8
-2
-12
-8
-1
-11
-10
0
-10
-20
-15
-11
-17
-8
-16
-11
-2
-12
-22
-21
-18
-20
-8
0
6

0
-10
-20
-17
-15
-18
-9
-19
-12
2
-8
-18
-23
-19
-18
-10
-1006
-110
-94
-79
-70
-56
-45
-36
-31
-31
-29
-22
-22
-18
-19
-10
0
-10
-7
-15
-20
-5
2
-6
-8
0
-8
-17
-9
0
7
-3
0
-4
-1
13
3
1
4
-4
-12
-7
2
8
4
6
6
-4
0
-3
-13
-23
-27
-20
-15
-11
-8
1
-9
-7
-10
-4
-9
0
0
-10
-5
-6
-10
-6
0
-1
2
-8
-16
-20
-15
-11
-7
-2
0
0
1
-7
-12
-3
9
-1
-2
5
-3
-13
-6
-2
-12
-10
0
-10
-20
-17
-15
-18
-9
-19
-12
2
-8
-18
-23
-19
-18
-10
0

-10
-3
-12
-15
-19
-15
-19
-11
-17
-8
-1
-11
-13
-23
-17
-18
-1016
-120
-104
-89
-80
-66
-55
-46
-36
-34
-31
-29
-22
-22
-21
-19
-10
1
-9
-2
-12
-15
-3
-1
-5
-7
-3
-6
-16
-9
0
7
2
5
-4
3
11
1
6
6
-4
-14
-7
0
10
4
3
3
-7
-2
-5
-13
-23
-25
-15
-15
-11
-9
1
-9
-7
-9
-3
-10
2
5
-5
-8
-4
-10
-8
-3
-3
-1
-3
-13
-19
-10
-10
-5
-5
-2
-3
3
-7
-12
-1
6
-1
-2
2
-5
-15
-9
3
-7
-10
-3
-12
-15
-19
-15
-19
-11
-17
-8
-1
-11
-13
-23
-17
-18
-10

-9
-10
-5
-11
-17
-19
-18
-21
-11
-18
-11
-4
-10
-16
-23
-17
-1026
-130
-114
-99
-90
-76
-65
-56
-46
-39
-34
-31
-31
-22
-25
-23
-19
-9
-1
-8
-4
-14
-13
-6
4
0
-10
-3
-1
-11
-9
-2
8
2
3
-6
1
8
2
6
6
-4
-14
-9
0
8
1
0
0
-7
-4
-5
-13
-23
-24
-15
-15
-13
-9
1
-9
-2
-4
-6
-8
2
5
-5
-8
-4
-12
-11
-5
-6
0
-3
-8
-18
-5
-10
-8
-5
-5
-3
1
-9
-11
-4
4
-1
-5
0
-8
-18
-7
0
-9
-10
-5
-11
-17
-19
-18
-21
-11
-18
-11
-4
-10
-16
-23
-17
-20

4
-6
-14
-7
-15
-20
-20
-22
-21
-7
-17
-9
-6
-11
-19
-26
-1036
-140
-124
-109
-100
-86
-75
-66
-56
-47
-42
-37
-35
-32
-23
-29
-26
-19
-5
-3
-12
-8
-17
-14
-6
2
-1
-11
-5
-5
-14
-12
-2
6
-2
7
-3
3
6
-1
3
2
-7
-17
-10
-2
10
0
-1
4
-3
-7
-8
-16
-25
-25
-18
-11
-16
-9
-3
-11
-4
-2
-9
-8
-1
4
-6
-11
0
-10
-7
-3
-8
-3
-5
-10
-15
-8
-11
-4
-3
-8
-7
-3
-7
-12
-6
1
-2
-9
2
-8
-17
-8
4
-6
-14
-7
-15
-20
-20
-22
-21
-7
-17
-9
-6
-11
-19
-26
-21
